### FILE: niveles.json
```json
{ "niveles": [ 
    { 
        "jugador": [3, 3], 
        "cajas": [[3, 5], [4, 5]], 
        "objetivos": [[3, 6], [4, 6]], 
        "paredes": [] 
    }, 
    { 
        "jugador": [5, 3], 
        "cajas": [[4, 4], [5, 4], [6, 4]], 
        "objetivos": [[4, 6], [5, 6], [6, 6]], 
        "paredes": [[2, 3], [7, 3]] 
    }, 
    { 
        "jugador": [3, 3], 
        "cajas": [[3, 5], [4, 5], [5, 5], [6, 5]], 
        "objetivos": [[3, 7], [4, 7], [5, 7], [6, 7]], 
        "paredes": [[2, 4], [7, 4]] 
    }, 
    { 
        "jugador": [3, 3], 
        "cajas": [[3, 5], [4, 5], [5, 5], [6, 5], [7, 5]], 
        "objetivos": [[3, 7], [4, 7], [5, 7], [6, 7], [7, 7]], 
        "paredes": [[2, 4], [8, 4]] 
    }, 
    { 
        "jugador": [3, 3], 
        "cajas": [[4, 3], [5, 3], [6, 3], [7, 3]], 
        "objetivos": [[4, 8], [5, 8], [6, 8], [7, 8]], 
        "paredes": [[2, 2], [8, 2]] 
    } 
] }
```