### FILE: niveles.json
```json
{ "niveles": [
    {
        "jugador": [4, 2],
        "cajas": [[3, 5], [5, 5]],
        "objetivos": [[3, 6], [5, 6]],
        "paredes": [[1, 3], [1, 4], [2, 4], [3, 4], [4, 4], [5, 4]]
    },
    {
        "jugador": [2, 1],
        "cajas": [[6, 4], [7, 4]],
        "objetivos": [[6, 5], [7, 5]],
        "paredes": [[3, 2], [3, 8], [4, 2], [4, 8], [5, 2], [5, 8]]
    },
    {
        "jugador": [1, 6],
        "cajas": [[4, 2], [5, 2], [7, 2]],
        "objetivos": [[4, 3], [5, 3], [7, 3]],
        "paredes": [[2, 1], [2, 8], [3, 1], [3, 8], [6, 1], [6, 8]]
    },
    {
        "jugador": [4, 5],
        "cajas": [[2, 3], [2, 7], [6, 3], [6, 7]],
        "objetivos": [[3, 3], [3, 7], [5, 3], [5, 7]],
        "paredes": [[1, 2], [1, 4], [1, 6], [1, 8], [2, 2], [2, 4], [2, 6], [2, 8], [3, 2], [3, 4], [3, 6], [3, 8], [5, 2], [5, 4], [5, 6], [5, 8]]
    },
    {
        "jugador": [1, 1],
        "cajas": [[3, 3], [3, 7], [5, 3], [5, 7]],
        "objetivos": [[2, 3], [2, 7], [4, 3], [4, 7]],
        "paredes": [[1, 2], [1, 4], [1, 6], [1, 8], [2, 2], [2, 4], [2, 6], [2, 8], [3, 2], [3, 4], [3, 6], [3, 8], [4, 2], [4, 4], [4, 6], [4, 8], [5, 2], [5, 4], [5, 6], [5, 8]]
    }
] }
```