### FILE: niveles.json
```json
{ "niveles": [ 
    { 
        "jugador": [3, 3], 
        "cajas": [[2, 5], [4, 5]], 
        "objetivos": [[2, 6], [4, 6]], 
        "paredes": [[1, 3], [1, 4], [2, 4], [3, 4], [4, 4], [5, 4], [5, 5]] 
    }, 
    { 
        "jugador": [3, 1], 
        "cajas": [[5, 4], [6, 4], [7, 4]], 
        "objetivos": [[5, 5], [6, 5], [7, 5]], 
        "paredes": [[2, 3], [2, 8], [9, 3], [9, 8], [1, 1], [1, 2], [1, 3], [1, 4], [1, 5], [1, 6], [1, 7]] 
    }, 
    { 
        "jugador": [1, 1], 
        "cajas": [[4, 6], [5, 6], [7, 6]], 
        "objetivos": [[4, 5], [5, 5], [7, 5]], 
        "paredes": [[2, 3], [2, 8], [8, 3], [8, 8], [1, 2], [1, 3], [1, 4], [1, 5], [1, 6], [1, 7], [2, 6]] 
    }, 
    { 
        "jugador": [1, 6], 
        "cajas": [[4, 2], [5, 2], [7, 2], [6, 6]], 
        "objetivos": [[4, 3], [5, 3], [7, 3], [6, 7]], 
        "paredes": [[2, 1], [2, 8], [8, 1], [8, 8], [1, 2], [1, 3], [1, 4], [1, 5], [2, 2], [2, 3], [2, 4]] 
    }, 
    { 
        "jugador": [1, 3], 
        "cajas": [[4, 2], [4, 8], [6, 2], [6, 8]], 
        "objetivos": [[4, 3], [4, 7], [6, 3], [6, 7]], 
        "paredes": [[2, 1], [2, 9], [8, 1], [8, 9], [1, 1], [1, 2], [1, 4], [1, 5], [1, 6], [1, 7], [3, 1], [3, 9], [5, 1], [5, 9]] 
    }
] }
```