### FILE: niveles.json
```json
{ "niveles": [ 
    { 
        "jugador": [5, 1], 
        "cajas": [[4, 3], [6, 3]], 
        "objetivos": [[4, 4], [6, 4]], 
        "paredes": [[2, 2], [2, 7], [8, 2], [8, 7]] 
    }, 
    { 
        "jugador": [3, 1], 
        "cajas": [[5, 4], [6, 4], [7, 4]], 
        "objetivos": [[5, 5], [6, 5], [7, 5]], 
        "paredes": [[2, 3], [2, 8], [9, 3], [9, 8]] 
    }, 
    { 
        "jugador": [1, 1], 
        "cajas": [[4, 6], [5, 6], [7, 6]], 
        "objetivos": [[4, 5], [5, 5], [7, 5]], 
        "paredes": [[2, 3], [2, 8], [8, 3], [8, 8]] 
    }, 
    { 
        "jugador": [1, 6], 
        "cajas": [[4, 2], [5, 2], [7, 2], [6, 6]], 
        "objetivos": [[4, 3], [5, 3], [7, 3], [6, 7]], 
        "paredes": [[2, 1], [2, 8], [8, 1], [8, 8]] 
    }, 
    { 
        "jugador": [3, 5], 
        "cajas": [[4, 1], [6, 1], [7, 8], [5, 8]], 
        "objetivos": [[4, 2], [6, 2], [7, 7], [5, 7]], 
        "paredes": [[1, 3], [1, 6], [8, 3], [8, 6]] 
    }
] }
```