### FILE: niveles.json
```json
{ "niveles": [ 
    { 
        "jugador": [[1, 2]], 
        "cajas": [[[2, 3], [5, 3]]], 
        "objetivos": [[[2, 4], [5, 4]]], 
        "paredes": [[[1, 0], [6, 0], [1, 7], [6, 7]]] 
    }, 
    { 
        "jugador": [[1, 1]], 
        "cajas": [[[3, 1], [4, 4], [6, 1]]], 
        "objetivos": [[[3, 2], [4, 5], [6, 2]]], 
        "paredes": [[[1, 0], [7, 0], [1, 7], [7, 7], [2, 0], [2, 7], [5, 0], [5, 7]]] 
    }, 
    { 
        "jugador": [[1, 5]], 
        "cajas": [[[1, 6], [5, 5], [3, 6]]], 
        "objetivos": [[[2, 6], [5, 2], [4, 6]]], 
        "paredes": [[[0, 1], [0, 2], [0, 3], [0, 4], [0, 5], [0, 6], [0, 7], [7, 1], [7, 2], [7, 3], [7, 4], [7, 5], [7, 6]]] 
    }, 
    { 
        "jugador": [[1, 1]], 
        "cajas": [[[1, 2], [2, 1], [4, 5], [5, 4]]], 
        "objetivos": [[[2, 2], [3, 5], [5, 1], [6, 5]]], 
        "paredes": [[[0, 1], [0, 2], [0, 3], [0, 4], [0, 5], [0, 6], [0, 7], [7, 1], [7, 2], [7, 3], [7, 4], [7, 5], [7, 6]]] 
    }
 ]
}
```