### FILE: niveles.json
```json
{
  "niveles": [
    {
      "jugador": [4, 2],
      "cajas": [
        [3, 5],
        [6, 5]
      ],
      "objetivos": [
        [3, 7],
        [6, 7]
      ],
      "paredes": [
        [1, 4], [2, 4], [3, 4], [4, 4], [5, 4], [6, 4], [7, 4],
        [1, 8], [2, 8], [3, 8], [4, 8], [5, 8]
      ]
    },
    {
      "jugador": [4, 2],
      "cajas": [
        [2, 3],
        [3, 6],
        [5, 6]
      ],
      "objetivos": [
        [1, 7],
        [3, 8],
        [5, 8]
      ],
      "paredes": [
        [4, 1], [4, 2], [4, 3], [4, 4], [4, 5], [4, 6], [4, 7], [4, 8],
        [1, 1], [1, 2]
      ]
    },
    {
      "jugador": [4, 2],
      "cajas": [
        [3, 5],
        [5, 5],
        [6, 5]
      ],
      "objetivos": [
        [1, 7],
        [3, 8],
        [5, 8]
      ],
      "paredes": [
        [2, 4], [2, 5], [2, 6], [2, 7], [2, 8],
        [1, 4], [1, 5], [1, 6], [1, 7]
      ]
    },
    {
      "jugador": [3, 2],
      "cajas": [
        [2, 5],
        [4, 5],
        [5, 5],
        [6, 5]
      ],
      "objetivos": [
        [1, 7],
        [3, 8],
        [5, 8],
        [7, 8]
      ],
      "paredes": [
        [2, 4], [2, 6], [2, 7], [2, 8],
        [1, 4], [3, 4], [4, 4], [5, 4], [6, 4], [7, 4]
      ]
    },
    {
      "jugador": [4, 2],
      "cajas": [
        [2, 3],
        [3, 5],
        [5, 3],
        [6, 5]
      ],
      "objetivos": [
        [1, 7],
        [3, 8],
        [5, 8],
        [7, 7]
      ],
      "paredes": [
        [2, 4], [2, 6], [2, 7], [2, 8],
        [1, 4], [3, 4], [4, 4], [5, 4], [6, 4], [7, 4]
      ]
    }
  ]
}
```