### FILE: niveles.json
```json
{ "niveles": [ 
    { 
        "jugador": [3, 1], 
        "cajas": [[1, 2], [4, 5]], 
        "objetivos": [[2, 2], [5, 5]], 
        "paredes": [[1, 1], [6, 1], [6, 2], [6, 3]] 
    }, 
    { 
        "jugador": [1, 1], 
        "cajas": [[2, 4], [3, 5], [5, 1]], 
        "objetivos": [[1, 4], [3, 6], [5, 2]], 
        "paredes": [[1, 2], [1, 3], [2, 1], [3, 1], [4, 1], [4, 2]] 
    }, 
    { 
        "jugador": [1, 1], 
        "cajas": [[1, 5], [3, 2], [5, 4]], 
        "objetivos": [[2, 5], [4, 2], [6, 4]], 
        "paredes": [[2, 1], [2, 2], [3, 1], [4, 1], [5, 1], [6, 1]] 
    }, 
    { 
        "jugador": [1, 1], 
        "cajas": [[1, 3], [1, 6], [4, 3], [4, 6]], 
        "objetivos": [[2, 3], [2, 6], [5, 3], [5, 6]], 
        "paredes": [[2, 1], [2, 2], [3, 1], [3, 2], [4, 1], [4, 2], [5, 1]] 
    } 
]
```