### FILE: niveles.json
```json
{
  "niveles": [
    {
      "jugador": [2, 1],
      "cajas": [
        [3, 2],
        [4, 2]
      ],
      "objetivos": [
        [3, 3],
        [4, 3]
      ],
      "paredes": [
        [1, 1],
        [5, 1],
        [6, 2]
      ]
    },
    {
      "jugador": [1, 1],
      "cajas": [
        [1, 3],
        [2, 3],
        [3, 3]
      ],
      "objetivos": [
        [1, 5],
        [2, 5],
        [3, 5]
      ],
      "paredes": [
        [1, 6],
        [2, 6],
        [3, 6]
      ]
    },
    {
      "jugador": [5, 1],
      "cajas": [
        [4, 2],
        [5, 2],
        [6, 2]
      ],
      "objetivos": [
        [4, 3],
        [5, 3],
        [6, 3]
      ],
      "paredes": [
        [1, 1],
        [2, 1],
        [7, 2],
        [8, 2]
      ]
    },
    {
      "jugador": [1, 1],
      "cajas": [
        [1, 3],
        [2, 3],
        [3, 3],
        [4, 3]
      ],
      "objetivos": [
        [1, 5],
        [2, 5],
        [3, 5],
        [4, 5]
      ],
      "paredes": [
        [1, 6],
        [2, 6],
        [3, 6],
        [4, 6]
      ]
    },
    {
      "jugador": [5, 8],
      "cajas": [
        [3, 2],
        [4, 2],
        [6, 2],
        [7, 2]
      ],
      "objetivos": [
        [3, 4],
        [4, 4],
        [6, 4],
        [7, 4]
      ],
      "paredes": [
        [1, 1],
        [2, 1],
        [5, 1],
        [8, 3]
      ]
    },
    {
      "jugador": [2, 2],
      "cajas": [
        [4, 7],
        [5, 7],
        [6, 7]
      ],
      "objetivos": [
        [4, 5],
        [5, 5],
        [6, 5]
      ],
      "paredes": [
        [1, 2],
        [3, 2],
        [7, 2]
      ]
    }
  ]
}
```