### FILE: niveles.json
```json
{
  "niveles": [
    {
      "jugador": [1, 1],
      "cajas": [
        [1, 2],
        [2, 2]
      ],
      "objetivos": [
        [1, 3],
        [2, 3]
      ],
      "paredes": [
        [1, 0],
        [2, 0],
        [0, 1],
        [0, 2]
      ]
    },
    {
      "jugador": [1, 1],
      "cajas": [
        [1, 2],
        [2, 2],
        [3, 2]
      ],
      "objetivos": [
        [1, 4],
        [2, 4],
        [3, 4]
      ],
      "paredes": [
        [0, 1],
        [0, 2],
        [0, 3],
        [0, 4],
        [1, 5],
        [2, 5],
        [3, 5]
      ]
    },
    {
      "jugador": [1, 1],
      "cajas": [
        [1, 2],
        [2, 2],
        [1, 7]
      ],
      "objetivos": [
        [1, 4],
        [2, 4],
        [2, 8]
      ],
      "paredes": [
        [0, 1],
        [0, 2],
        [0, 3],
        [0, 4],
        [0, 5],
        [0, 6],
        [1, 3],
        [2, 3]
      ]
    },
    {
      "jugador": [1, 1],
      "cajas": [
        [1, 2],
        [3, 2],
        [5, 2],
        [7, 2]
      ],
      "objetivos": [
        [1, 4],
        [3, 4],
        [5, 4],
        [7, 4]
      ],
      "paredes": [
        [0, 1],
        [0, 2],
        [0, 3],
        [0, 4],
        [2, 1],
        [4, 1],
        [6, 1]
      ]
    },
    {
      "jugador": [2, 1],
      "cajas": [
        [3, 2],
        [4, 2],
        [5, 2],
        [6, 2]
      ],
      "objetivos": [
        [3, 4],
        [4, 4],
        [5, 4],
        [6, 4]
      ],
      "paredes": [
        [0, 1],
        [0, 2],
        [0, 3],
        [0, 4],
        [1, 1],
        [7, 1],
        [8, 2]
      ]
    }
  ]
}
```